1.586140683000000080e-10 1.860197255999999848e-11 2.432075782000000038e-11 8.231641973000000649e-12 -3.623852738000000103e-12 9.415999272000000348e-13 8.318382781999999303e-12 1.517253325000000124e-11
1.860197255999999848e-11 2.682310717000000087e-10 1.860514580000000014e-11 2.332362356999999892e-11 1.430394577000000080e-11 5.774833387000000499e-13 5.143626899000000227e-12 1.818701573999999886e-11
2.432075782000000038e-11 1.860514580000000014e-11 4.118735807999999944e-10 2.149660059999999904e-11 2.697736808999999981e-11 2.126549801999999964e-11 6.167752665000000092e-12 7.743740769999999273e-12
8.231641973000000649e-12 2.332362356999999892e-11 2.149660059999999904e-11 6.833929781999999727e-10 2.022860650000000098e-11 4.505272259999999696e-11 2.823683118000000108e-11 1.452560591000000008e-11
-3.623852738000000103e-12 1.430394577000000080e-11 2.697736808999999981e-11 2.022860650000000098e-11 1.188084303000000057e-09 1.142854019000000052e-11 6.904490743000000288e-11 3.125356673000000167e-11
9.415999272000000348e-13 5.774833387000000499e-13 2.126549801999999964e-11 4.505272259999999696e-11 1.142854019000000052e-11 2.115922270999999993e-09 3.520561099999999722e-14 9.049166635000000301e-11
8.318382781999999303e-12 5.143626899000000227e-12 6.167752665000000092e-12 2.823683118000000108e-11 6.904490743000000288e-11 3.520561099999999722e-14 3.843006022999999622e-09 -3.342446070999999881e-11
1.517253325000000124e-11 1.818701573999999886e-11 7.743740769999999273e-12 1.452560591000000008e-11 3.125356673000000167e-11 9.049166635000000301e-11 -3.342446070999999881e-11 7.097671587000000180e-09
